000999 3
001696 3
001872 3
001896 3
001914 3
001965 3
001979 1
002001 3
002002 3
002003 3
002004 3
002005 3
002006 3
002007 3
002008 3
002009 3
002010 3
002011 3
002012 3
002013 3
002014 3
002015 3
002016 3
002017 3
002018 3
002019 3
002020 3
002021 3
002022 3
002023 3
002024 3
002025 3
002026 3
002027 3
002028 3
002029 3
002030 3
002031 3
002032 3
002033 3
002034 3
002035 3
002036 3
002037 3
002038 3
002039 3
002040 3
002041 3
002042 3
002043 3
002044 3
002045 3
002046 3
002047 3
002048 3
002049 3
002050 3
002051 3
002052 3
002053 3
002054 3
002055 3
002056 3
002057 3
002058 3
002059 3
002060 3
002061 3
002062 3
002063 3
002064 3
002065 3
002066 3
002067 3
002068 3
002069 3
002070 3
002071 3
002072 3
002073 3
002074 3
002075 3
002076 3
002077 3
002078 3
002079 3
002080 3
002081 3
002082 3
002083 3
002084 3
002085 3
002086 3
002087 3
002088 3
002089 3
002090 3
002091 3
002092 3
002093 3
002094 3
002095 3
002096 3
002097 3
002098 3
002099 3
002100 3
002101 3
002102 3
002103 3
002104 3
002105 3
002106 3
002107 3
002108 3
002109 3
002110 3
002111 3
002112 3
002113 3
002114 3
002115 3
002116 3
002117 3
002118 3
002119 3
002120 3
002121 3
002122 3
002123 3
002124 3
002125 3
002126 3
002127 3
002128 3
002129 3
002130 3
002131 3
002132 3
002133 3
002134 3
002135 3
002136 3
002137 3
002138 3
002139 3
002140 3
002141 3
002142 3
002143 3
002144 3
002145 3
002146 3
002147 3
002148 3
002149 3
002150 3
002151 3
002152 3
002153 3
002154 3
002155 3
002156 3
002157 3
002158 3
002159 3
002160 3
002161 3
002162 3
002163 3
002164 3
002165 3
002166 3
002167 3
002168 3
002169 3
002170 3
002171 3
002172 3
002173 3
002174 3
002175 3
002176 3
002177 3
002178 3
002179 3
002180 3
002181 3
002182 3
002183 3
002184 3
002185 3
002186 3
002187 3
002188 3
002189 3
002190 3
002191 3
002192 3
002193 3
002194 3
002195 3
002196 3
002197 3
002198 3
002199 3
002200 3
002201 3
002202 3
002203 3
002204 3
002205 3
002206 3
002207 3
002208 3
002209 3
002210 3
002211 3
002212 3
002213 3
002214 3
002215 3
002216 3
002217 3
002218 3
002219 3
002220 3
002221 3
002222 3
002223 3
002224 3
002225 3
002226 3
002227 3
002228 3
002229 3
002230 3
002231 3
002232 3
002233 3
002234 3
002235 3
002236 3
002237 3
002238 3
002239 3
002240 3
002241 3
002242 3
002243 3
002244 3
002245 3
002246 3
002247 3
002248 3
002249 3
002250 3
002251 3
002252 3
002253 3
002254 3
002255 3
002256 3
002258 3
002259 3
002260 3
002261 3
002262 3
002263 3
002264 3
002265 3
002266 3
002267 3
002268 3
002269 3
002270 3
002271 3
002272 3
002273 3
002274 3
002275 3
002276 3
002277 3
002278 3
002279 3
002280 3
002281 3
002282 3
002283 3
002284 3
002285 3
002286 3
002287 3
002288 3
002289 3
002290 3
002291 3
002292 3
002293 3
002294 3
002295 3
002296 3
002297 3
002298 3
002299 3
002300 3
002301 3
002302 3
002303 3
002304 3
002305 3
002306 3
002307 3
002308 3
002309 3
002310 3
002311 3
002312 3
002313 3
002314 3
002315 3
002316 3
002317 3
002318 3
002319 3
002320 3
002321 3
002322 3
002323 3
002324 3
002325 3
002326 3
002327 3
002328 3
002329 3
002330 3
002331 3
002332 3
002333 3
002334 3
002335 3
002336 3
002337 3
002338 3
002339 3
002340 3
002341 3
002342 3
002343 3
002344 3
002345 3
002346 3
002347 3
002348 3
002349 3
002350 3
002351 3
002352 3
002353 3
002354 3
002355 3
002356 3
002357 3
002358 3
002359 3
002360 3
002361 3
002362 3
002363 3
002364 3
002365 3
002366 3
002367 3
002368 3
002369 3
002370 3
002371 3
002372 3
002373 3
002374 3
002375 3
002376 3
002377 3
002378 3
002379 3
002380 3
002381 3
002382 3
002383 3
002384 3
002385 3
002386 3
002387 3
002388 3
002389 3
002390 3
002391 3
002392 3
002393 3
002394 3
002395 3
002396 3
002397 3
002398 3
002399 3
002400 3
002401 3
002402 3
002403 3
002404 3
002405 3
002406 3
002407 3
002408 3
002409 3
002410 3
002411 3
002412 3
002413 3
002414 3
002415 3
002416 3
002417 3
002418 3
002419 3
002420 3
002421 3
002422 3
002423 3
002424 3
002425 3
002426 3
002427 3
002428 3
002429 3
002430 3
002431 3
002432 3
002433 3
002434 3
002435 3
002436 3
002437 3
002438 3
002439 3
002440 3
002441 3
002442 3
002443 3
002444 3
002445 3
002446 3
002447 3
002448 3
002449 3
002450 3
002451 3
002452 3
002453 3
002454 3
002455 3
002456 3
002457 3
002458 3
002459 3
002460 3
002461 3
002462 3
002463 3
002464 3
002465 3
002466 3
002467 3
002468 3
002469 3
002470 3
002471 3
002472 3
002473 3
002474 3
002475 3
002476 3
002477 3
002478 3
002479 3
002480 3
002481 3
002482 3
002483 3
002484 3
002485 3
002486 3
002487 3
002488 3
002489 3
002490 3
002491 3
002492 3
002493 3
002494 3
002495 3
002496 3
002497 3
002498 3
002499 3
002500 3
002501 3
002502 3
002503 3
002504 3
002505 3
002506 3
002507 3
002508 3
002509 3
002510 3
002511 3
002512 3
002513 3
002514 3
002515 3
002516 3
002517 3
002518 3
002519 3
002520 3
002521 3
002522 3
002523 3
002524 3
002526 3
002527 3
002528 3
002529 3
002530 3
002531 3
002532 3
002533 3
002534 3
002535 3
002536 3
002537 3
002538 3
002539 3
002540 3
002541 3
002542 3
002543 3
002544 3
002545 3
002546 3
002547 3
002548 3
002549 3
002550 3
002551 3
002552 3
002553 3
002554 3
002555 3
002556 3
002557 3
002558 3
002559 3
002560 3
002561 3
002562 3
002563 3
002564 3
002565 3
002566 3
002567 3
002568 3
002569 3
002570 3
002571 3
002572 3
002573 3
002574 3
002575 3
002576 3
002577 3
002578 3
002579 3
002580 3
002581 3
002582 3
002583 3
002584 3
002585 3
002586 3
002587 3
002588 3
002589 3
002590 3
002591 3
002592 3
002593 3
002594 3
002595 3
002596 3
002597 3
002598 3
002599 3
002600 3
002601 3
002602 3
002603 3
002604 3
002605 3
002606 3
002607 3
002608 3
002609 3
002610 3
002611 3
002612 3
002613 3
002614 3
002615 3
002616 3
002617 3
002618 3
002619 3
002620 3
002621 3
002622 3
002623 3
002624 3
002625 3
002626 3
002627 3
002628 3
002629 3
002630 3
002631 3
002632 3
002633 3
002634 3
002635 3
002636 3
002637 3
002638 3
002639 3
002640 3
002641 3
002642 3
002643 3
002644 3
002645 3
002646 3
002647 3
002648 3
002649 3
002650 3
002651 3
002652 3
002653 3
002654 3
002655 3
002656 3
002657 3
002658 3
002659 3
002660 3
002661 3
002662 3
002663 3
002664 3
002665 3
002666 3
002667 3
002668 3
002669 3
002670 3
002671 3
002672 3
002673 3
002674 3
002675 3
002676 3
002677 3
002678 3
002679 3
002680 3
002681 3
002682 3
002683 3
002684 3
002685 3
002686 3
002687 3
002688 3
002689 3
002690 3
002691 3
002692 3
002693 3
002694 3
002695 3
002696 3
002697 3
002698 3
002699 3
002700 3
002701 3
002702 3
002703 3
002705 3
002706 3
002707 3
002708 3
002709 3
002711 3
002712 3
002713 3
002714 3
002715 3
002716 3
002717 3
002718 3
002719 3
002721 3
002722 3
002723 3
002724 3
002725 3
002726 3
002727 3
002728 3
002729 3
002730 3
002731 3
002732 3
002733 3
002734 3
002735 3
002736 3
002737 3
002738 3
002739 3
002740 3
002741 3
002742 3
002743 3
002745 3
002746 3
002747 3
002748 3
002749 3
002750 3
002751 3
002752 3
002753 3
002755 3
002756 3
002757 3
002758 3
002759 3
002760 3
002761 3
002762 3
002763 3
002765 3
002766 3
002769 3
002780 3
002783 3
002781 3
002786 3
002785 3
002788 3
002791 3
002797 3
002803 3
002831 3
002840 3
002841 3
002851 3
002872 3
002889 3
002905 3
002906 3
002911 3
002925 3
002941 3
002946 3
002967 3
300001 3
003816 3
300003 3
300002 3
300006 3
300007 3
300010 3
300012 3
300009 3
300015 3
300013 3
300017 3
300020 3
300022 3
300021 3
300027 3
300026 3
300031 3
300040 3
300043 3
300044 3
300047 3
300048 3
300049 3
300050 3
300051 3
300052 3
300054 3
300056 3
300058 3
300061 3
300059 3
300063 3
300065 3
300068 3
300071 3
300070 3
300072 3
300078 3
300081 3
300082 3
300089 3
300090 3
300091 3
300096 3
300098 3
300100 3
300109 3
300111 3
300113 3
300117 3
300116 3
300118 3
300123 3
300124 3
300128 3
300130 3
300129 3
300131 3
300133 3
300134 3
300137 3
300138 3
300140 3
300144 3
300147 3
300146 3
300145 3
300148 3
300153 3
300157 3
300158 3
300159 3
300160 3
300166 3
300168 3
300171 3
300178 3
300177 3
300182 3
300187 3
300188 3
300189 3
300190 3
300192 3
300198 3
300197 3
300203 3
300207 3
300210 3
300208 3
300212 3
300216 3
300219 3
300217 3
300222 3
300227 3
300228 3
300230 3
300232 3
300237 3
300238 3
300240 3
300242 3
300244 3
300251 3
300252 3
300257 3
300262 3
300263 3
300266 3
300269 3
300271 3
300274 3
300273 3
300278 3
300279 3
300284 3
300285 3
300287 3
300294 3
300295 3
300296 3
300297 3
300299 3
300300 3
300310 3
300311 3
300315 3
300324 3
300326 3
300332 3
300336 3
300335 3
300339 3
300341 3
300343 3
300347 3
300355 3
300359 3
300364 3
300362 3
300370 3
300376 3
300388 3
300393 3
300398 3
300413 3
300418 3
300424 3
300425 3
300422 3
300426 3
300428 3
300433 3
300437 3
300439 3
300438 3
300441 3
300451 3
300456 3
300465 3
300482 3
300490 3
300498 3
300496 3
300525 3
300528 3
300569 3
300571 3
300577 3
300595 3
300598 3
300603 3
300627 3
300639 3
300664 3
300662 3
300666 3
300674 3
300673 3
300676 3
300682 3
300688 3
300692 3
300737 3
300741 3
300750 3
300755 3
300760 3
300759 3
300763 3
300773 3
600000 3
600008 3
600011 3
600016 3
600018 3
600019 3
600021 3
600020 3
600022 3
600023 3
600027 3
600030 3
600029 3
600031 3
600048 3
600039 3
600050 3
600051 3
600054 3
600053 3
600057 3
600056 3
600058 3
600060 3
600061 3
600064 3
600066 3
600062 3
600067 3
600068 3
600070 3
600073 3
600072 3
600074 3
600079 3
600077 3
600081 3
600086 3
600085 3
600090 3
600089 3
600094 3
600096 3
600098 3
600100 3
600104 3
600105 3
600110 3
600111 3
600115 3
600120 3
600122 3
600125 3
600123 3
600126 3
600128 3
600129 3
600133 3
600136 3
600138 3
600141 3
600143 3
600146 3
600151 3
600155 3
600153 3
600158 3
600157 3
600160 3
600161 3
600162 3
600166 3
600167 3
600170 3
600177 3
600176 3
600175 3
600180 3
600179 3
600185 3
600188 3
600187 3
600192 3
600196 3
600198 3
600203 3
600208 3
600210 3
600216 3
600221 3
600225 3
600223 3
600226 3
600229 3
600233 3
600236 3
600238 3
600239 3
600240 3
600242 3
600243 3
600246 3
600256 3
600255 3
600257 3
600259 3
600261 3
600260 3
600266 3
600267 3
600268 3
600277 3
600278 3
600276 3
600282 3
600280 3
600283 3
600289 3
600292 3
600290 3
600295 3
600297 3
600293 3
600300 3
600299 3
600305 3
600303 3
600307 3
600310 3
600309 3
600315 3
600320 3
600322 3
600325 3
600323 3
600326 3
600327 3
600329 3
600332 3
600335 3
600336 3
600340 3
600346 3
600350 3
600348 3
600352 3
600358 3
600361 3
600363 3
600362 3
600366 3
600372 3
600373 3
600376 3
600377 3
600383 3
600387 3
600386 3
600388 3
600393 3
600392 3
600406 3
600410 3
600416 3
600415 3
600418 3
600422 3
600425 3
600429 3
600436 3
600438 3
600439 3
600446 3
600460 3
600467 3
600466 3
600475 3
600478 3
600477 3
600480 3
600483 3
600482 3
600485 3
600487 3
600489 3
600490 3
600491 3
600496 3
600498 3
600497 3
600500 3
600499 3
600503 3
600502 3
600507 3
600510 3
600512 3
000009 4
000016 4
000018 4
000011 4
000019 4
000028 4
000027 4
000034 4
000031 4
000035 4
000039 4
000042 4
000040 4
000043 4
000046 4
000048 4
000058 4
000056 4
000060 4
000061 4
000063 4
000069 4
000078 4
000100 4
000150 4
000158 4
000157 4
000338 4
000401 4
000402 4
000407 4
000413 4
000417 4
000421 4
000425 4
000423 4
000422 4
000428 4
000488 4
000498 4
000503 4
000507 4
000517 4
000513 4
000521 4
000516 4
000529 4
000528 4
000532 4
000538 4
000540 4
000539 4
000544 4
000546 4
000555 4
000564 4
000558 2
000566 4
000571 4
000587 4
000584 4
000591 4
000592 4
000593 4
000599 4
000600 4
000601 4
000605 4
000607 4
000615 4
000620 4
000626 4
000625 4
000627 2
000630 4
000651 4
000650 4
000656 4
000659 4
000666 4
000667 4
000669 4
000671 4
000672 4
000676 4
000673 4
000683 4
000685 4
000701 4
000703 4
000708 4
000711 4
000725 4
000718 4
000729 4
000732 4
000735 4
000736 4
000753 4
000758 4
000767 4
000778 4
000786 4
000789 4
000792 4
000793 4
000796 4
000797 4
000811 4
000825 4
000826 4
000830 4
000850 4
000858 4
000861 4
000863 4
000875 4
000869 4
000876 4
000877 4
000881 4
000883 4
000882 4
000887 4
000885 4
000895 4
000900 4
000898 4
000905 2
000906 4
000910 4
000917 4
000913 4
000918 4
000921 4
000926 4
000930 4
000933 4
000936 4
000938 4
000939 4
000950 4
000958 4
000961 4
000963 4
000981 4
000987 4
000988 4
000990 4
000997 4
000998 4
